\begin{tabular}{ccccccccc}
\hline \\

1.00 & 0.27 & 0.19 & 0.12 & 0.17 & 0.43 & 0.13 & 0.23 & 0.24 \\
0.27 & 1.00 & 0.74 & 0.63 & 0.78 & 0.75 & 0.73 & 0.75 & 0.67 \\
0.19 & 0.74 & 1.00 & 0.68 & 0.77 & 0.68 & 0.70 & 0.72 & 0.61 \\
0.12 & 0.63 & 0.68 & 1.00 & 0.71 & 0.59 & 0.65 & 0.62 & 0.56 \\
0.17 & 0.78 & 0.77 & 0.71 & 1.00 & 0.73 & 0.84 & 0.84 & 0.77 \\
0.43 & 0.75 & 0.68 & 0.59 & 0.73 & 1.00 & 0.63 & 0.72 & 0.65 \\
0.13 & 0.73 & 0.70 & 0.65 & 0.84 & 0.63 & 1.00 & 0.80 & 0.70 \\
0.23 & 0.75 & 0.72 & 0.62 & 0.84 & 0.72 & 0.80 & 1.00 & 0.77 \\
0.24 & 0.67 & 0.61 & 0.56 & 0.77 & 0.65 & 0.70 & 0.77 & 1.00 \\

\hline \\
\end{tabular}

